auto_lr_find: false
batch_size: 256
early_stopping: true
folder: best_model
gamma: 0.9
gpus:
- 0
lr: 0.007
max_epochs: 10
n_cv: null
now: '200831_00:49:55'
num_workers: 16
patience: 5
save_top_k: 3
step_size: 3
test_batch_size: -1
training_loss:
  'epoch : 0': 2.0378642082214355
  'epoch : 1': 1.902809500694275
  'epoch : 2': 1.8496127128601074
  'epoch : 3': 1.8160120248794556
  'epoch : 4': 1.7970291376113892
  'epoch : 5': 1.7696982622146606
  'epoch : 6': 1.7518867254257202
  'epoch : 7': 1.7423200607299805
  'epoch : 8': 1.7292174100875854
  'epoch : 9': 1.7194817066192627
validation_loss:
  'epoch : 0': 1.9418445825576782
  'epoch : 1': 1.8698188066482544
  'epoch : 2': 1.869120478630066
  'epoch : 3': 1.832507848739624
  'epoch : 4': 1.8293741941452026
  'epoch : 5': 1.8007597923278809
  'epoch : 6': 1.7870062589645386
  'epoch : 7': 1.7700706720352173
  'epoch : 8': 1.7762757539749146
  'epoch : 9': 1.7648617029190063
