auto_lr_find: false
batch_size: 256
early_stopping: true
folder: best_model
gamma: 0.9
gpus:
- 0
lr: 0.007
max_epochs: 10
n_cv: null
now: '200831_00:49:55'
num_workers: 16
patience: 5
save_top_k: 3
step_size: 3
test_batch_size: -1
training_loss:
  'epoch : 0': 2.0822317600250244
  'epoch : 1': 1.9740772247314453
  'epoch : 2': 1.9419314861297607
  'epoch : 3': 1.9142168760299683
  'epoch : 4': 1.9073402881622314
  'epoch : 5': 1.892723560333252
  'epoch : 6': 1.8799842596054077
  'epoch : 7': 1.8737887144088745
  'epoch : 8': 1.8692811727523804
  'epoch : 9': 1.8588160276412964
validation_loss:
  'epoch : 0': 2.0162525177001953
  'epoch : 1': 1.9737650156021118
  'epoch : 2': 1.939903736114502
  'epoch : 3': 1.9253817796707153
  'epoch : 4': 1.9212379455566406
  'epoch : 5': 1.9191126823425293
  'epoch : 6': 1.904808759689331
  'epoch : 7': 1.8991658687591553
  'epoch : 8': 1.9108859300613403
  'epoch : 9': 1.9211113452911377
