auto_lr_find: false
batch_size: 256
early_stopping: true
folder: best_model
gamma: 0.9
gpus:
- 0
lr: 0.007
max_epochs: 10
n_cv: null
now: '200831_00:49:55'
num_workers: 16
patience: 5
save_top_k: 3
step_size: 3
test_batch_size: -1
training_loss:
  'epoch : 0': 2.114602565765381
  'epoch : 1': 1.990429162979126
  'epoch : 2': 1.9498590230941772
  'epoch : 3': 1.9170691967010498
  'epoch : 4': 1.9049386978149414
  'epoch : 5': 1.8942993879318237
  'epoch : 6': 1.8821866512298584
  'epoch : 7': 1.8718082904815674
  'epoch : 8': 1.8636982440948486
  'epoch : 9': 1.8529046773910522
validation_loss:
  'epoch : 0': 2.0153849124908447
  'epoch : 1': 1.9596103429794312
  'epoch : 2': 1.9336599111557007
  'epoch : 3': 1.9309804439544678
  'epoch : 4': 1.918180227279663
  'epoch : 5': 1.9496079683303833
  'epoch : 6': 1.8900939226150513
  'epoch : 7': 1.915619134902954
  'epoch : 8': 1.8967193365097046
  'epoch : 9': 1.8749488592147827
